10 3
0 28 21 29 26 15 25 17 20 39 40 38 27 21 32 34 33 12 12 23 40
28 0 9 12 12 14 49 19 18 32 34 10 8 12 36 6 34 23 29 25 34
21 9 0 17 16 6 40 11 10 27 29 18 13 13 37 14 27 15 21 17 29
29 12 17 0 4 20 53 27 27 43 45 17 4 8 26 13 44 29 35 34 45
26 12 16 4 0 18 50 25 25 42 44 20 4 4 24 15 43 27 32 32 44
15 14 6 20 18 0 35 7 8 28 30 24 17 14 36 20 26 9 15 15 30
25 49 40 53 50 35 0 31 33 43 43 58 50 46 56 54 33 25 20 30 43
17 19 11 27 25 7 31 0 3 23 24 28 23 21 43 24 19 6 11 8 24
20 18 10 27 25 8 33 3 0 21 22 26 23 22 44 23 18 9 14 7 22
39 32 27 43 42 28 43 23 21 0 2 33 39 40 64 33 11 28 30 16 2
40 34 29 45 44 30 43 24 22 2 0 35 41 42 66 35 10 29 31 17 0
38 10 18 17 20 24 58 28 26 33 35 0 15 21 43 5 38 33 38 31 35
27 8 13 4 4 17 50 23 23 39 41 15 0 6 29 10 40 26 31 30 41
21 12 13 8 4 14 46 21 22 40 42 21 6 0 25 16 40 22 27 29 42
32 36 37 26 24 36 56 43 44 64 66 43 29 25 0 39 62 41 43 51 66
34 6 14 13 15 20 54 24 23 33 35 5 10 16 39 0 37 29 35 29 35
33 34 27 44 43 26 33 19 18 11 10 38 40 40 62 37 0 22 22 11 10
12 23 15 29 27 9 25 6 9 28 29 33 26 22 41 29 22 0 6 12 29
12 29 21 35 32 15 20 11 14 30 31 38 31 27 43 35 22 6 0 14 31
23 25 17 34 32 15 30 8 7 16 17 31 30 29 51 29 11 12 14 0 17
40 34 29 45 44 30 43 24 22 2 0 35 41 42 66 35 10 29 31 17 0
