10 3
0 28 21 26 15 23 17 38 39 10 12 26 57 56 44 20 17 31 12 12 34
28 0 9 12 14 25 19 29 37 33 33 24 59 60 18 18 19 30 23 29 46
21 9 0 16 6 17 11 25 32 25 25 26 61 62 27 10 11 24 15 21 38
26 12 16 0 18 32 25 40 47 34 35 13 47 48 20 25 25 39 27 32 52
15 14 6 18 0 15 7 26 31 19 19 26 61 61 32 8 7 22 9 15 34
23 25 17 32 15 0 8 15 16 20 18 41 76 75 42 7 8 8 12 14 22
17 19 11 25 7 8 0 21 24 17 16 33 68 67 37 3 0 16 6 11 27
38 29 25 40 26 15 21 0 11 35 33 51 86 87 42 19 21 10 27 29 29
39 37 32 47 31 16 24 11 0 34 31 57 92 92 52 23 24 9 28 28 19
10 33 25 34 19 20 17 35 34 0 3 36 67 65 51 20 17 26 11 6 25
12 33 25 35 19 18 16 33 31 3 0 38 69 68 51 18 16 24 10 4 22
26 24 26 13 26 41 33 51 57 36 38 0 35 36 30 34 33 48 32 36 58
57 59 61 47 61 76 68 86 92 67 69 35 0 6 57 69 68 83 66 68 91
56 60 62 48 61 75 67 87 92 65 68 36 6 0 60 69 67 83 65 67 90
44 18 27 20 32 42 37 42 52 51 51 30 57 60 0 36 37 46 41 47 63
20 18 10 25 8 7 3 19 23 20 18 34 69 69 36 0 3 14 9 14 28
17 19 11 25 7 8 0 21 24 17 16 33 68 67 37 3 0 16 6 11 27
31 30 24 39 22 8 16 10 9 26 24 48 83 83 46 14 16 0 19 21 19
12 23 15 27 9 12 6 27 28 11 10 32 66 65 41 9 6 19 0 6 26
12 29 21 32 15 14 11 29 28 6 4 36 68 67 47 14 11 21 6 0 23
34 46 38 52 34 22 27 29 19 25 22 58 91 90 63 28 27 19 26 23 0
