10 3
0 28 21 29 26 15 25 17 20 40 33 38 27 21 32 34 36 12 12 23 24
28 0 9 12 12 14 49 19 18 34 34 10 8 12 36 6 32 23 29 25 31
21 9 0 17 16 6 40 11 10 29 27 18 13 13 37 14 27 15 21 17 23
29 12 17 0 4 20 53 27 27 45 44 17 4 8 26 13 43 29 35 34 40
26 12 16 4 0 18 50 25 25 44 43 20 4 4 24 15 42 27 32 32 38
15 14 6 20 18 0 35 7 8 30 26 24 17 14 36 20 27 9 15 15 20
25 49 40 53 50 35 0 31 33 43 33 58 50 46 56 54 38 25 20 30 25
17 19 11 27 25 7 31 0 3 24 19 28 23 21 43 24 21 6 11 8 13
20 18 10 27 25 8 33 3 0 22 18 26 23 22 44 23 19 9 14 7 13
40 34 29 45 44 30 43 24 22 0 10 35 41 42 66 35 5 29 31 17 19
33 34 27 44 43 26 33 19 18 10 0 38 40 40 62 37 5 22 22 11 10
38 10 18 17 20 24 58 28 26 35 38 0 15 21 43 5 35 33 38 31 38
27 8 13 4 4 17 50 23 23 41 40 15 0 6 29 10 39 26 31 30 36
21 12 13 8 4 14 46 21 22 42 40 21 6 0 25 16 39 22 27 29 34
32 36 37 26 24 36 56 43 44 66 62 43 29 25 0 39 63 41 43 51 54
34 6 14 13 15 20 54 24 23 35 37 5 10 16 39 0 35 29 35 29 36
36 32 27 43 42 27 38 21 19 5 5 35 39 39 63 35 0 24 26 13 14
12 23 15 29 27 9 25 6 9 29 22 33 26 22 41 29 24 0 6 12 13
12 29 21 35 32 15 20 11 14 31 22 38 31 27 43 35 26 6 0 14 13
23 25 17 34 32 15 30 8 7 17 11 31 30 29 51 29 13 12 14 0 7
24 31 23 40 38 20 25 13 13 19 10 38 36 34 54 36 14 13 13 7 0
