10 3
0 18 22 21 11 25 34 15 30 16 32 30 21 25 15 25 32 32 9 18 21
18 0 34 24 16 43 50 23 33 27 49 29 30 24 16 43 50 47 20 25 39
22 34 0 43 34 29 40 11 52 35 22 23 6 48 38 29 33 15 31 40 21
21 24 43 0 10 34 35 35 10 11 46 49 42 7 8 34 40 50 12 4 34
11 16 34 10 0 30 35 25 20 11 40 39 32 14 4 30 37 42 5 9 29
25 43 29 34 30 0 11 32 39 22 16 50 33 40 34 0 7 25 25 29 8
34 50 40 35 35 11 0 42 38 25 25 60 44 42 38 11 11 35 31 31 19
15 23 11 35 25 32 42 0 45 30 30 18 7 40 29 32 37 25 24 33 25
30 33 52 10 20 39 38 45 0 18 53 58 52 9 17 39 45 58 22 13 41
16 27 35 11 11 22 25 30 18 0 35 46 36 18 13 22 29 40 8 7 23
32 49 22 46 40 16 25 30 53 35 0 46 28 53 44 16 14 11 36 42 12
30 29 23 49 39 50 60 18 58 46 46 0 17 51 41 50 54 38 39 47 42
21 30 6 42 32 33 44 7 52 36 28 17 0 46 36 33 38 21 30 39 25
25 24 48 7 14 40 42 40 9 18 53 51 46 0 10 40 47 56 18 11 41
15 16 38 8 4 34 38 29 17 13 44 41 36 10 0 34 41 47 9 9 33
25 43 29 34 30 0 11 32 39 22 16 50 33 40 34 0 7 25 25 29 8
32 50 33 40 37 7 11 37 45 29 14 54 38 47 41 7 0 25 32 36 13
32 47 15 50 42 25 35 25 58 40 11 38 21 56 47 25 25 0 38 46 18
9 20 31 12 5 25 31 24 22 8 36 39 30 18 9 25 32 38 0 9 24
18 25 40 4 9 29 31 33 13 7 42 47 39 11 9 29 36 46 9 0 30
21 39 21 34 29 8 19 25 41 23 12 42 25 41 33 8 13 18 24 30 0
