10 3
0 18 21 26 32 15 29 16 32 32 27 25 34 35 40 21 25 9 34 27 28
18 0 36 36 47 23 25 27 47 49 12 20 47 45 58 29 24 20 50 43 15
21 36 0 12 36 34 32 10 11 29 47 46 13 18 37 38 27 16 15 30 49
26 36 12 0 48 41 23 10 18 41 48 51 13 9 49 46 19 18 24 42 50
32 47 36 48 0 25 60 40 40 11 51 40 47 54 14 23 56 38 35 6 49
15 23 34 41 25 0 43 30 43 30 25 16 47 50 38 6 40 24 42 23 24
29 25 32 23 60 43 0 22 40 57 36 45 36 29 66 49 4 22 46 54 40
16 27 10 10 40 30 22 0 21 35 39 40 20 20 44 36 18 8 25 34 41
32 47 11 18 40 43 40 21 0 30 58 57 8 18 36 47 36 27 7 34 60
32 49 29 41 11 30 57 35 30 0 55 46 38 46 9 30 53 36 25 8 54
27 12 47 48 51 25 36 39 58 55 0 14 59 57 63 29 36 31 60 48 4
25 20 46 51 40 16 45 40 57 46 14 0 59 60 53 17 43 33 57 38 11
34 47 13 13 47 47 36 20 8 38 59 59 0 10 44 52 32 28 15 41 61
35 45 18 9 54 50 29 20 18 46 57 60 10 0 53 55 26 27 25 48 60
40 58 37 49 14 38 66 44 36 9 63 53 44 53 0 37 61 44 30 15 62
21 29 38 46 23 6 49 36 47 30 29 17 52 55 37 0 46 30 46 22 27
25 24 27 19 56 40 4 18 36 53 36 43 32 26 61 46 0 18 42 50 39
9 20 16 18 38 24 22 8 27 36 31 33 28 27 44 30 18 0 31 33 33
34 50 15 24 35 42 46 25 7 25 60 57 15 25 30 46 42 31 0 30 61
27 43 30 42 6 23 54 34 34 8 48 38 41 48 15 22 50 33 30 0 47
28 15 49 50 49 24 40 41 60 54 4 11 61 60 62 27 39 33 61 47 0
