10 3
0 22 25 21 21 25 32 30 27 36 5 22 34 9 32 25 18 20 27 11 5
22 0 25 43 35 29 53 52 36 40 21 0 27 31 43 29 34 43 36 18 21
25 25 0 41 46 47 41 51 14 15 28 25 10 33 57 47 20 37 14 14 28
21 43 41 0 21 34 20 10 36 47 22 43 51 12 30 34 24 7 36 30 22
21 35 46 21 0 14 40 25 47 57 18 35 54 16 11 14 36 26 47 32 18
25 29 47 34 14 0 52 39 52 60 21 29 53 25 15 0 43 38 52 34 21
32 53 41 20 40 52 0 22 30 40 36 53 51 27 50 52 21 14 30 36 36
30 52 51 10 25 39 22 0 45 56 32 52 61 22 32 39 33 14 45 40 32
27 36 14 36 47 52 30 45 0 11 32 36 22 31 58 52 12 30 0 20 32
36 40 15 47 57 60 40 56 11 0 40 40 18 42 68 60 23 42 11 27 40
5 21 28 22 18 21 36 32 32 40 0 21 36 10 28 21 23 23 32 14 0
22 0 25 43 35 29 53 52 36 40 21 0 27 31 43 29 34 43 36 18 21
34 27 10 51 54 53 51 61 22 18 36 27 0 42 64 53 30 47 22 22 36
9 31 33 12 16 25 27 22 31 42 10 31 42 0 27 25 20 14 31 20 10
32 43 57 30 11 15 50 32 58 68 28 43 64 27 0 15 47 36 58 42 28
25 29 47 34 14 0 52 39 52 60 21 29 53 25 15 0 43 38 52 34 21
18 34 20 24 36 43 21 33 12 23 23 34 30 20 47 43 0 18 12 16 23
20 43 37 7 26 38 14 14 30 42 23 43 47 14 36 38 18 0 30 28 23
27 36 14 36 47 52 30 45 0 11 32 36 22 31 58 52 12 30 0 20 32
11 18 14 30 32 34 36 40 20 27 14 18 22 20 42 34 16 28 20 0 14
5 21 28 22 18 21 36 32 32 40 0 21 36 10 28 21 23 23 32 14 0
