10 3
0 22 21 11 26 32 30 32 18 34 11 20 18 9 30 41 18 23 44 34 27
22 0 43 34 45 15 47 43 27 27 18 3 40 31 52 22 38 40 42 27 36
21 43 0 10 14 50 29 30 32 51 30 40 4 12 10 59 18 17 58 51 36
11 34 10 0 20 42 25 32 22 41 20 31 9 5 20 52 12 20 49 41 28
26 45 14 20 0 48 43 18 42 60 37 43 11 18 14 57 31 6 69 60 48
32 15 50 42 48 0 60 40 41 41 32 17 46 38 58 9 50 42 56 41 51
30 47 29 25 43 60 0 57 21 38 29 44 32 30 35 68 13 45 37 38 16
32 43 30 32 18 40 57 0 50 64 42 42 26 27 32 48 44 13 76 64 58
18 27 32 22 42 41 21 50 0 20 10 24 31 24 41 48 17 40 27 20 10
34 27 51 41 60 41 38 64 20 0 22 26 50 42 61 45 37 57 15 0 22
11 18 30 20 37 32 29 42 10 22 0 15 28 20 40 39 21 34 33 22 20
20 3 40 31 43 17 44 42 24 26 15 0 37 28 50 24 35 38 40 26 34
18 40 4 9 11 46 32 26 31 50 28 37 0 9 13 55 19 13 58 50 37
9 31 12 5 18 38 30 27 24 42 20 28 9 0 22 48 17 16 51 42 31
30 52 10 20 14 58 35 32 41 61 40 50 13 22 0 68 26 20 67 61 45
41 22 59 52 57 9 68 48 48 45 39 24 55 48 68 0 59 51 60 45 58
18 38 18 12 31 50 13 44 17 37 21 35 19 17 26 59 0 32 41 37 19
23 40 17 20 6 42 45 13 40 57 34 38 13 16 20 51 32 0 67 57 48
44 42 58 49 69 56 37 76 27 15 33 40 58 51 67 60 41 67 0 15 23
34 27 51 41 60 41 38 64 20 0 22 26 50 42 61 45 37 57 15 0 22
27 36 36 28 48 51 16 58 10 22 20 34 37 31 45 58 19 48 23 22 0
