10 3
0 21 21 26 32 25 34 32 29 32 32 21 21 24 41 34 9 35 24 28 28
21 0 21 14 50 34 35 20 11 30 46 0 21 4 59 44 12 16 12 22 47
21 21 0 12 36 14 15 40 32 11 29 21 0 21 46 24 16 36 32 7 35
26 14 12 0 48 26 24 33 23 18 41 14 12 12 57 36 18 26 26 9 46
32 50 36 48 0 25 35 64 60 40 11 50 36 53 9 22 38 66 56 43 6
25 34 14 26 25 0 11 52 45 15 16 34 14 35 33 10 25 49 44 19 26
34 35 15 24 35 11 0 55 46 7 25 35 15 35 43 16 31 50 47 15 37
32 20 40 33 64 52 55 0 11 50 63 20 40 21 73 62 27 14 9 42 59
29 11 32 23 60 45 46 11 0 40 57 11 32 11 70 55 22 6 8 32 56
32 30 11 18 40 15 7 50 40 0 30 30 11 29 48 22 27 43 42 8 40
32 46 29 41 11 16 25 63 57 30 0 46 29 48 18 11 36 62 54 35 15
21 0 21 14 50 34 35 20 11 30 46 0 21 4 59 44 12 16 12 22 47
21 21 0 12 36 14 15 40 32 11 29 21 0 21 46 24 16 36 32 7 35
24 4 21 12 53 35 35 21 11 29 48 4 21 0 62 45 16 15 15 21 50
41 59 46 57 9 33 43 73 70 48 18 59 46 62 0 28 48 75 65 52 14
34 44 24 36 22 10 16 62 55 22 11 44 24 45 28 0 35 60 54 28 25
9 12 16 18 38 25 31 27 22 27 36 12 16 16 48 35 0 28 19 21 35
35 16 36 26 66 49 50 14 6 43 62 16 36 15 75 60 28 0 14 35 62
24 12 32 26 56 44 47 9 8 42 54 12 32 15 65 54 19 14 0 34 52
28 22 7 9 43 19 15 42 32 8 35 22 7 21 52 28 21 35 34 0 42
28 47 35 46 6 26 37 59 56 40 15 47 35 50 14 25 35 62 52 42 0
