10 3
0 15 25 11 26 32 25 32 30 29 32 32 11 34 34 22 41 44 42 23 40
15 0 32 25 32 18 16 47 45 42 28 21 26 21 34 34 27 40 57 26 25
25 32 0 32 51 40 47 41 29 45 57 53 25 53 59 9 46 69 52 48 53
11 25 32 0 20 42 30 22 25 18 32 37 7 40 31 26 52 42 32 20 49
26 32 51 20 0 48 26 33 43 23 18 32 27 36 13 46 57 25 38 6 49
32 18 40 42 48 0 25 64 60 60 40 25 43 22 47 45 9 50 74 42 14
25 16 47 30 26 25 0 52 55 45 15 7 35 10 22 47 33 25 60 20 23
32 47 41 22 33 64 52 0 16 11 50 59 21 62 47 33 73 59 11 37 72
30 45 29 25 43 60 55 16 0 25 57 62 20 64 56 20 68 67 25 45 71
29 42 45 18 23 60 45 11 25 0 40 51 21 55 36 37 70 48 16 27 66
32 28 57 32 18 40 15 50 57 40 0 17 38 22 8 54 48 12 56 13 36
32 21 53 37 32 25 7 59 62 51 17 0 42 4 25 53 32 25 67 26 19
11 26 25 7 27 43 35 21 20 21 38 42 0 44 38 19 52 49 32 27 52
34 21 53 40 36 22 10 62 64 55 22 4 44 0 30 54 28 29 71 30 15
34 34 59 31 13 47 22 47 56 36 8 25 38 30 0 56 56 12 51 11 44
22 34 9 26 46 45 47 33 20 37 54 53 19 54 56 0 52 66 43 45 57
41 27 46 52 57 9 33 73 68 70 48 32 52 28 56 52 0 57 83 51 16
44 40 69 42 25 50 25 59 67 48 12 25 49 29 12 66 57 0 63 23 43
42 57 52 32 38 74 60 11 25 16 56 67 32 71 51 43 83 63 0 43 81
23 26 48 20 6 42 20 37 45 27 13 26 27 30 11 45 51 23 43 0 43
40 25 53 49 49 14 23 72 71 66 36 19 52 15 44 57 16 43 81 43 0
