10 3
0 15 18 22 25 11 21 34 15 11 32 30 36 23 25 11 25 35 29 25 16
15 0 33 15 32 25 21 26 17 26 47 34 46 26 36 25 16 24 42 41 23
18 33 0 34 20 16 36 50 23 9 21 29 23 25 12 16 43 53 12 12 27
22 15 34 0 25 34 35 40 11 32 53 23 40 16 33 34 29 37 40 45 35
25 32 20 25 0 32 46 57 16 25 41 9 15 9 11 32 47 56 18 32 40
11 25 16 34 32 0 21 35 25 7 22 39 39 32 27 0 30 39 29 18 11
21 21 36 35 46 21 0 15 34 27 40 51 57 43 45 21 14 20 48 38 10
34 26 50 40 57 35 15 0 42 41 55 60 69 52 58 35 11 8 62 53 25
15 17 23 11 16 25 34 42 0 22 43 18 30 9 22 25 32 41 29 35 30
11 26 9 32 25 7 27 41 22 0 21 33 32 27 20 7 35 44 22 14 18
32 47 21 53 41 22 40 55 43 21 0 50 40 46 31 22 52 60 27 9 30
30 34 29 23 9 39 51 60 18 33 50 0 20 8 20 39 50 58 26 41 46
36 46 23 40 15 39 57 69 30 32 40 20 0 24 12 39 60 70 13 32 49
23 26 25 16 9 32 43 52 9 27 46 8 24 0 19 32 41 50 27 37 39
25 36 12 33 11 27 45 58 22 20 31 20 12 19 0 27 50 59 7 22 37
11 25 16 34 32 0 21 35 25 7 22 39 39 32 27 0 30 39 29 18 11
25 16 43 29 47 30 14 11 32 35 52 50 60 41 50 30 0 9 54 48 22
35 24 53 37 56 39 20 8 41 44 60 58 70 50 59 39 9 0 64 57 30
29 42 12 40 18 29 48 62 29 22 27 26 13 27 7 29 54 64 0 19 40
25 41 12 45 32 18 38 53 35 14 9 41 32 37 22 18 48 57 19 0 28
16 23 27 35 40 11 10 25 30 18 30 46 49 39 37 11 22 30 40 28 0
