10 3
0 18 22 26 32 34 15 11 32 29 32 34 24 30 32 27 11 18 32 21 28
18 0 34 36 47 50 23 9 21 25 47 18 17 29 50 43 16 25 24 24 42
22 34 0 45 15 40 11 32 53 51 43 53 46 23 33 14 18 40 54 43 9
26 36 45 0 48 24 41 27 33 23 18 42 26 57 32 42 37 11 29 14 46
32 47 15 48 0 35 25 43 64 60 40 65 56 38 25 6 32 46 64 50 6
34 50 40 24 35 0 42 41 55 46 7 62 47 60 11 30 43 31 52 35 37
15 23 11 41 25 42 0 22 43 43 43 42 36 18 37 23 7 33 44 35 20
11 9 32 27 43 41 22 0 21 21 38 23 14 33 42 38 16 16 22 16 38
32 21 53 33 64 55 43 21 0 11 50 11 9 50 59 59 36 24 6 20 59
29 25 51 23 60 46 43 21 11 0 40 21 8 53 51 54 36 16 6 11 56
32 47 43 18 40 7 43 38 50 40 0 58 42 61 17 34 42 26 46 30 40
34 18 53 42 65 62 42 23 11 21 58 0 16 45 64 61 35 32 16 28 60
24 17 46 26 56 47 36 14 9 8 42 16 0 45 51 51 30 16 8 12 52
30 29 23 57 38 60 18 33 50 53 61 45 45 0 54 38 19 47 53 49 32
32 50 33 32 25 11 37 42 59 51 17 64 51 54 0 20 40 36 57 40 27
27 43 14 42 6 30 23 38 59 54 34 61 51 38 20 0 28 40 58 44 7
11 16 18 37 32 43 7 16 36 36 42 35 30 19 40 28 0 28 38 30 26
18 25 40 11 46 31 33 16 24 16 26 32 16 47 36 40 28 0 21 4 43
32 24 54 29 64 52 44 22 6 6 46 16 8 53 57 58 38 21 0 16 59
21 24 43 14 50 35 35 16 20 11 30 28 12 49 40 44 30 4 16 0 47
28 42 9 46 6 37 20 38 59 56 40 60 52 32 27 7 26 43 59 47 0
