10 3
0 15 18 22 32 25 34 30 16 32 32 11 9 21 32 34 11 44 21 32 21
15 0 33 15 18 16 26 45 23 28 16 25 24 18 18 21 26 51 30 21 36
18 33 0 34 47 43 50 13 27 47 49 16 9 30 47 52 9 34 29 50 16
22 15 34 0 15 29 40 47 35 43 22 34 27 6 15 31 32 42 42 33 43
32 18 47 15 0 25 35 60 40 40 11 42 39 21 0 22 43 56 47 25 53
25 16 43 29 25 0 11 55 22 15 16 30 35 33 25 10 35 66 28 7 41
34 26 50 40 35 11 0 61 25 7 25 35 42 44 35 16 41 76 29 11 44
30 45 13 47 60 55 61 0 36 57 62 25 22 43 60 64 20 37 36 62 19
16 23 27 35 40 22 25 36 0 21 35 11 21 36 40 33 18 59 7 29 19
32 28 47 43 40 15 7 57 21 0 30 32 40 46 40 22 38 76 23 17 39
32 16 49 22 11 16 25 62 35 30 0 40 40 28 11 11 43 64 42 14 51
11 25 16 34 42 30 35 25 11 32 40 0 12 32 42 40 7 49 13 37 11
9 24 9 27 39 35 42 22 21 40 40 12 0 24 39 43 6 37 25 41 18
21 18 30 6 21 33 44 43 36 46 28 32 24 0 21 37 30 36 42 38 41
32 18 47 15 0 25 35 60 40 40 11 42 39 21 0 22 43 56 47 25 53
34 21 52 31 22 10 16 64 33 22 11 40 43 37 22 0 44 72 38 4 51
11 26 9 32 43 35 41 20 18 38 43 7 6 30 43 44 0 42 20 42 12
44 51 34 42 56 66 76 37 59 76 64 49 37 36 56 72 42 0 62 72 51
21 30 29 42 47 28 29 36 7 23 42 13 25 42 47 38 20 62 0 34 17
32 21 50 33 25 7 11 62 29 17 14 37 41 38 25 4 42 72 34 0 48
21 36 16 43 53 41 44 19 19 39 51 11 18 41 53 51 12 51 17 48 0
