10 3
0 18 21 26 25 15 32 30 29 32 32 22 21 16 21 40 17 17 9 25 15
18 0 24 36 43 23 21 13 25 47 49 12 36 27 39 56 17 11 9 42 33
21 24 0 14 34 35 20 29 11 30 46 35 21 11 34 57 6 13 21 29 32
26 36 14 0 26 41 33 43 23 18 41 46 12 10 30 53 20 27 31 21 32
25 43 34 26 0 32 52 55 45 15 16 47 14 22 8 28 35 39 35 6 16
15 23 35 41 32 0 43 36 43 43 30 19 34 30 25 34 31 29 17 35 17
32 21 20 33 52 43 0 16 11 50 63 33 40 30 51 72 17 15 26 49 47
30 13 29 43 55 36 16 0 25 57 62 20 46 36 51 69 23 17 22 53 45
29 25 11 23 45 43 11 25 0 40 57 37 32 22 45 67 12 15 27 40 42
32 47 30 18 15 43 50 57 40 0 30 54 11 21 22 43 34 40 40 9 28
32 49 46 41 16 30 63 62 57 30 0 49 29 35 12 12 46 48 40 22 16
22 12 35 46 47 19 33 20 37 54 49 0 43 36 41 53 29 23 15 48 34
21 36 21 12 14 34 40 46 32 11 29 43 0 10 18 41 24 29 29 9 21
16 27 11 10 22 30 30 36 22 21 35 36 10 0 23 46 14 20 21 18 23
21 39 34 30 8 25 51 51 45 22 12 41 18 23 0 23 34 37 30 13 8
40 56 57 53 28 34 72 69 67 43 12 53 41 46 23 0 56 57 47 34 25
17 17 6 20 35 31 17 23 12 34 46 29 24 14 34 56 0 7 16 32 31
17 11 13 27 39 29 15 17 15 40 48 23 29 20 37 57 7 0 12 37 32
9 9 21 31 35 17 26 22 27 40 40 15 29 21 30 47 16 12 0 34 24
25 42 29 21 6 35 49 53 40 9 22 48 9 18 13 34 32 37 34 0 19
15 33 32 32 16 17 47 45 42 28 16 34 21 23 8 25 31 32 24 19 0
