10 3
0 18 25 21 26 32 25 15 11 30 29 34 21 40 21 50 18 28 11 32 32
18 0 20 36 36 47 43 23 9 13 25 25 30 58 24 66 25 42 16 49 24
25 20 0 46 51 40 47 16 25 29 45 9 19 53 41 57 40 34 14 46 44
21 36 46 0 12 36 14 34 27 46 32 55 38 37 21 50 16 35 32 29 37
26 36 51 12 0 48 26 41 27 43 23 59 46 49 14 62 11 46 37 41 29
32 47 40 36 48 0 25 25 43 60 60 48 21 14 50 18 46 6 32 11 64
25 43 47 14 26 25 0 32 35 55 45 57 33 23 34 36 29 26 34 16 50
15 23 16 34 41 25 32 0 22 36 43 25 7 38 35 44 33 20 7 30 44
11 9 25 27 27 43 35 22 0 20 21 33 30 52 16 61 16 38 16 43 22
30 13 29 46 43 60 55 36 20 0 25 31 43 71 29 79 32 55 29 62 21
29 25 45 32 23 60 45 43 21 25 0 51 50 66 11 77 16 56 36 57 6
34 25 9 55 59 48 57 25 33 31 51 0 27 62 48 65 48 42 23 55 49
21 30 19 38 46 21 33 7 30 43 50 27 0 35 42 38 39 15 14 28 51
40 58 53 37 49 14 23 38 52 71 66 62 35 0 55 14 50 20 43 9 70
21 24 41 21 14 50 34 35 16 29 11 48 42 55 0 66 4 47 30 46 16
50 66 57 50 62 18 36 44 61 79 77 65 38 14 66 0 62 24 50 21 81
18 25 40 16 11 46 29 33 16 32 16 48 39 50 4 62 0 43 28 42 21
28 42 34 35 46 6 26 20 38 55 56 42 15 20 47 24 43 0 26 15 59
11 16 14 32 37 32 34 7 16 29 36 23 14 43 30 50 28 26 0 35 38
32 49 46 29 41 11 16 30 43 62 57 55 28 9 46 21 42 15 35 0 61
32 24 44 37 29 64 50 44 22 21 6 49 51 70 16 81 21 59 38 61 0
