10 3
0 15 25 21 25 30 30 16 36 5 6 21 30 15 35 32 9 18 31 28 50
15 0 32 21 16 45 41 23 46 11 12 8 34 29 24 18 21 29 20 28 35
25 32 0 46 47 29 51 40 15 28 22 40 9 34 56 40 33 10 33 53 57
21 21 46 0 14 46 25 10 57 18 25 18 51 23 20 36 16 39 41 7 50
25 16 47 14 0 55 39 22 60 21 25 8 50 34 9 25 25 43 32 19 36
30 45 29 46 55 0 35 36 25 35 34 51 38 23 64 60 30 21 56 50 79
30 41 51 25 39 35 0 18 56 32 37 41 58 17 45 58 22 41 60 23 74
16 23 40 10 22 36 18 0 49 15 21 23 46 13 30 40 8 32 43 14 56
36 46 15 57 60 25 56 49 0 40 35 54 20 40 70 55 42 18 47 63 72
5 11 28 18 21 35 32 15 40 0 7 16 33 18 30 28 10 22 29 25 46
6 12 22 25 25 34 37 21 35 7 0 19 26 21 35 27 15 17 25 32 45
21 8 40 18 8 51 41 23 54 16 19 0 42 33 16 18 24 37 24 24 33
30 34 9 51 50 38 58 46 20 33 26 42 0 41 58 38 39 18 29 58 54
15 29 34 23 34 23 17 13 40 18 21 33 41 0 42 47 9 24 46 27 64
35 24 56 20 9 64 45 30 70 30 35 16 58 42 0 29 34 52 38 22 36
32 18 40 36 25 60 58 40 55 28 27 18 38 47 29 0 38 41 10 43 18
9 21 33 16 25 30 22 8 42 10 15 24 39 9 34 38 0 24 39 21 55
18 29 10 39 43 21 41 32 18 22 17 37 18 24 52 41 24 0 36 45 59
31 20 33 41 32 56 60 43 47 29 25 24 29 46 38 10 39 36 0 48 25
28 28 53 7 19 50 23 14 63 25 32 24 58 27 22 43 21 45 48 0 55
50 35 57 50 36 79 74 56 72 46 45 33 54 64 36 18 55 59 25 55 0
