10 3
0 31 40 33 39 34 38 35 41 40 45 39 27 14 39 39 32 39 34 45 45
31 0 10 4 9 38 43 34 41 68 72 10 17 23 9 25 33 40 42 72 71
40 10 0 10 7 47 52 43 49 78 82 2 25 34 7 31 42 48 51 82 81
33 4 10 0 6 36 42 33 39 69 73 11 15 24 6 22 32 38 41 73 72
39 9 7 6 0 41 46 36 43 75 79 9 20 30 0 24 36 42 45 78 78
34 38 47 36 41 0 6 6 8 45 47 47 21 22 41 21 5 6 5 46 44
38 43 52 42 46 6 0 10 7 45 46 53 27 27 46 25 10 6 5 45 42
35 34 43 33 36 6 10 0 7 51 53 43 18 22 36 15 3 6 11 52 50
41 41 49 39 43 8 7 7 0 52 53 50 25 29 43 20 9 2 11 52 49
40 68 78 69 75 45 45 51 52 0 5 78 57 45 75 64 49 50 41 6 9
45 72 82 73 79 47 46 53 53 5 0 82 60 49 79 67 51 52 42 2 5
39 10 2 11 9 47 53 43 50 78 82 0 26 33 9 32 42 49 51 82 81
27 17 25 15 20 21 27 18 25 57 60 26 0 14 20 13 17 24 25 60 59
14 23 34 24 30 22 27 22 29 45 49 33 14 0 30 25 19 27 23 49 48
39 9 7 6 0 41 46 36 43 75 79 9 20 30 0 24 36 42 45 78 78
39 25 31 22 24 21 25 15 20 64 67 32 13 25 24 0 16 20 26 66 64
32 33 42 32 36 5 10 3 9 49 51 42 17 19 36 16 0 8 10 50 48
39 40 48 38 42 6 6 6 2 50 52 49 24 27 42 20 8 0 9 50 48
34 42 51 41 45 5 5 11 11 41 42 51 25 23 45 26 10 9 0 41 39
45 72 82 73 78 46 45 52 52 6 2 82 60 49 78 66 50 50 41 0 3
45 71 81 72 78 44 42 50 49 9 5 81 59 48 78 64 48 48 39 3 0
