10 3
0 38 31 39 33 35 34 32 35 41 45 38 38 44 37 41 45 42 37 45 47
38 0 10 3 12 14 48 43 45 51 82 0 30 42 37 40 81 67 9 81 76
31 10 0 10 4 7 38 33 34 41 73 10 34 46 40 44 72 56 6 71 65
39 3 10 0 11 12 47 42 43 50 83 3 33 45 40 43 82 66 6 81 75
33 12 4 11 0 3 36 32 33 39 75 12 38 50 44 48 73 56 5 72 65
35 14 7 12 3 0 36 31 32 38 76 14 41 53 47 50 74 55 6 73 65
34 48 38 47 36 36 0 5 6 8 50 48 65 74 67 71 47 20 41 44 31
32 43 33 42 32 31 5 0 3 9 54 43 62 71 64 68 51 25 36 48 36
35 45 34 43 33 32 6 3 0 7 56 45 64 74 67 70 53 25 37 50 36
41 51 41 50 39 38 8 9 7 0 56 51 71 81 74 77 53 22 44 49 34
45 82 73 83 75 76 50 54 56 56 0 82 81 83 77 80 4 37 79 9 29
38 0 10 3 12 14 48 43 45 51 82 0 30 42 37 40 81 67 9 81 76
38 30 34 33 38 41 65 62 64 71 81 30 0 12 9 10 81 79 37 82 85
44 42 46 45 50 53 74 71 74 81 83 42 12 0 7 4 84 86 49 86 91
37 37 40 40 44 47 67 64 67 74 77 37 9 7 0 4 78 79 44 80 84
41 40 44 43 48 50 71 68 70 77 80 40 10 4 4 0 81 83 47 83 88
45 81 72 82 73 74 47 51 53 53 4 81 81 84 78 81 0 34 78 5 25
42 67 56 66 56 55 20 25 25 22 37 67 79 86 79 83 34 0 61 29 11
37 9 6 6 5 6 41 36 37 44 79 9 37 49 44 47 78 61 0 77 70
45 81 71 81 72 73 44 48 50 49 9 81 82 86 80 83 5 29 77 0 21
47 76 65 75 65 65 31 36 36 34 29 76 85 91 84 88 25 11 70 21 0
