10 3
0 38 39 36 35 35 39 45 40 45 35 44 38 36 34 50 18 32 18 38 19
38 0 3 7 14 45 51 82 77 81 71 42 30 7 48 82 27 43 56 62 55
39 3 0 5 12 43 49 83 78 82 72 45 33 5 47 82 27 42 57 62 56
36 7 5 0 7 38 44 79 73 77 67 47 35 0 42 77 22 37 54 57 52
35 14 12 7 0 32 37 76 70 74 64 53 41 7 36 72 19 31 53 51 49
35 45 43 38 32 0 6 56 51 52 45 74 64 38 6 46 23 3 46 22 35
39 51 49 44 37 6 0 55 50 50 44 79 70 44 6 43 28 8 48 19 36
45 82 83 79 76 56 55 0 5 6 12 83 81 79 50 21 57 54 31 37 27
40 77 78 73 70 51 50 5 0 6 6 79 76 73 45 20 51 49 26 33 22
45 81 82 77 74 52 50 6 6 0 10 85 82 77 46 15 55 50 32 32 26
35 71 72 67 64 45 44 12 6 10 0 76 72 67 39 19 45 42 23 28 16
44 42 45 47 53 74 79 83 79 85 76 0 12 47 74 93 51 71 53 82 62
38 30 33 35 41 64 70 81 76 82 72 12 0 35 65 88 41 62 50 75 57
36 7 5 0 7 38 44 79 73 77 67 47 35 0 42 77 22 37 54 57 52
34 48 47 42 36 6 6 50 45 46 39 74 65 42 0 40 24 5 42 16 30
50 82 82 77 72 46 43 21 20 15 19 93 88 77 40 0 55 45 42 24 31
18 27 27 22 19 23 28 57 51 55 45 51 41 22 24 55 0 21 35 36 30
32 43 42 37 31 3 8 54 49 50 42 71 62 37 5 45 21 0 43 21 32
18 56 57 54 53 46 48 31 26 32 23 53 50 54 42 42 35 43 0 40 14
38 62 62 57 51 22 19 37 33 32 28 82 75 57 16 24 36 21 40 0 26
19 55 56 52 49 35 36 27 22 26 16 62 57 52 30 31 30 32 14 26 0
