10 3
0 31 39 40 39 34 32 35 39 41 40 14 39 18 37 10 33 38 14 39 19
31 0 10 10 9 38 33 34 40 41 37 23 10 17 6 23 4 10 17 25 12
39 10 0 2 9 47 42 43 49 50 46 33 0 27 6 31 11 3 26 32 20
40 10 2 0 7 47 42 43 48 49 45 34 2 27 5 32 10 5 27 31 21
39 9 9 7 0 41 36 36 42 43 38 30 9 24 3 32 6 11 25 24 21
34 38 47 47 41 0 5 6 6 8 9 22 47 24 41 38 36 48 30 21 35
32 33 42 42 36 5 0 3 8 9 8 19 42 21 36 35 32 43 27 16 32
35 34 43 43 36 6 3 0 6 7 5 22 43 23 37 38 33 45 29 15 34
39 40 49 48 42 6 8 6 0 2 5 27 49 28 43 43 38 51 34 20 40
41 41 50 49 43 8 9 7 2 0 5 29 50 30 44 45 39 51 36 20 41
40 37 46 45 38 9 8 5 5 5 0 27 46 27 39 43 35 47 34 15 38
14 23 33 34 30 22 19 22 27 29 27 0 33 6 29 16 24 33 9 25 16
39 10 0 2 9 47 42 43 49 50 46 33 0 27 6 31 11 3 26 32 20
18 17 27 27 24 24 21 23 28 30 27 6 27 0 23 16 18 27 6 22 11
37 6 6 5 3 41 36 37 43 44 39 29 6 23 0 30 5 9 23 26 18
10 23 31 32 32 38 35 38 43 45 43 16 31 16 30 0 27 29 10 38 11
33 4 11 10 6 36 32 33 38 39 35 24 11 18 5 27 0 12 19 22 15
38 10 3 5 11 48 43 45 51 51 47 33 3 27 9 29 12 0 25 34 19
14 17 26 27 25 30 27 29 34 36 34 9 26 6 23 10 19 25 0 28 7
39 25 32 31 24 21 16 15 20 20 15 25 32 22 26 38 22 34 28 0 30
19 12 20 21 21 35 32 34 40 41 38 16 20 11 18 11 15 19 7 30 0
