10 3
0 31 40 33 39 34 34 39 40 35 45 36 34 20 38 8 41 38 25 27 45
31 0 10 4 9 42 38 40 68 63 72 38 33 14 10 38 41 36 45 17 73
40 10 0 10 7 51 47 48 78 73 82 40 35 22 5 47 49 44 55 25 84
33 4 10 0 6 41 36 38 69 65 73 42 37 18 12 40 39 34 46 15 75
39 9 7 6 0 45 41 42 75 70 79 45 40 23 11 46 43 37 51 20 80
34 42 51 41 45 0 5 9 41 38 42 67 64 42 52 39 11 13 16 25 45
34 38 47 36 41 5 0 6 45 42 47 66 62 40 48 40 8 8 20 21 50
39 40 48 38 42 9 6 0 50 47 52 70 66 44 51 46 2 5 25 24 55
40 68 78 69 75 41 45 50 0 5 5 72 71 59 77 37 52 53 26 57 5
35 63 73 65 70 38 42 47 5 0 10 67 66 54 72 32 49 50 23 52 10
45 72 82 73 79 42 47 52 5 10 0 78 76 64 81 43 53 55 29 60 4
36 38 40 42 45 67 66 70 72 67 78 0 5 27 35 35 72 68 61 49 77
34 33 35 37 40 64 62 66 71 66 76 5 0 23 30 34 68 64 58 45 76
20 14 22 18 23 42 40 44 59 54 64 27 23 0 19 25 45 41 40 22 65
38 10 5 12 11 52 48 51 77 72 81 35 30 19 0 44 51 46 55 27 82
8 38 47 40 46 39 40 46 37 32 43 35 34 25 44 0 48 45 28 35 42
41 41 49 39 43 11 8 2 52 49 53 72 68 45 51 48 0 5 27 25 56
38 36 44 34 37 13 8 5 53 50 55 68 64 41 46 45 5 0 27 20 58
25 45 55 46 51 16 20 25 26 23 29 61 58 40 55 28 27 27 0 32 31
27 17 25 15 20 25 21 24 57 52 60 49 45 22 27 35 25 20 32 0 62
45 73 84 75 80 45 50 55 5 10 4 77 76 65 82 42 56 58 31 62 0
