10 3
0 21 16 15 19 16 20 31 36 35 39 16 17 19 18 18 20 33 38 39 40
21 0 5 6 5 6 10 24 27 30 32 5 11 2 4 7 7 27 25 27 29
16 5 0 1 4 2 8 22 26 28 30 3 7 4 2 4 6 26 25 28 29
15 6 1 0 4 2 8 22 27 29 31 3 7 4 3 5 6 26 26 28 30
19 5 4 4 0 3 5 19 23 26 27 6 6 5 2 2 2 23 22 24 26
16 6 2 2 3 0 6 20 24 27 29 5 5 5 3 3 4 24 24 26 28
20 10 8 8 5 6 0 14 19 21 23 11 3 10 7 3 3 18 19 21 22
31 24 22 22 19 20 14 0 5 7 9 25 16 24 21 17 17 4 10 10 10
36 27 26 27 23 24 19 5 0 7 5 29 21 28 25 22 21 5 7 5 5
35 30 28 29 26 27 21 7 7 0 5 32 22 31 28 24 24 3 14 12 11
39 32 30 31 27 29 23 9 5 5 0 34 24 32 30 26 25 6 11 9 7
16 5 3 3 6 5 11 25 29 32 34 0 10 3 4 8 9 29 28 30 32
17 11 7 7 6 5 3 16 21 22 24 10 0 10 7 4 5 19 21 23 24
19 2 4 4 5 5 10 24 28 31 32 3 10 0 3 7 7 28 26 29 30
18 4 2 3 2 3 7 21 25 28 30 4 7 3 0 4 4 25 24 26 28
18 7 4 5 2 3 3 17 22 24 26 8 4 7 4 0 2 21 21 23 25
20 7 6 6 2 4 3 17 21 24 25 9 5 7 4 2 0 21 20 22 23
33 27 26 26 23 24 18 4 5 3 6 29 19 28 25 21 21 0 12 11 10
38 25 25 26 22 24 19 10 7 14 11 28 21 26 24 21 20 12 0 3 5
39 27 28 28 24 26 21 10 5 12 9 30 23 29 26 23 22 11 3 0 2
40 29 29 30 26 28 22 10 5 11 7 32 24 30 28 25 23 10 5 2 0
