10 3
0 19 16 15 19 16 18 31 40 33 35 16 17 20 18 20 21 38 39 39 36
19 0 4 4 5 5 7 24 30 28 31 3 10 7 3 10 2 26 29 32 28
16 4 0 1 4 2 4 22 29 26 28 3 7 6 2 8 5 25 28 30 26
15 4 1 0 4 2 5 22 30 26 29 3 7 6 3 8 6 26 28 31 27
19 5 4 4 0 3 2 19 26 23 26 6 6 2 2 5 5 22 24 27 23
16 5 2 2 3 0 3 20 28 24 27 5 5 4 3 6 6 24 26 29 24
18 7 4 5 2 3 0 17 25 21 24 8 4 2 4 3 7 21 23 26 22
31 24 22 22 19 20 17 0 10 4 7 25 16 17 21 14 24 10 10 9 5
40 30 29 30 26 28 25 10 0 10 11 32 24 23 28 22 29 5 2 7 5
33 28 26 26 23 24 21 4 10 0 3 29 19 21 25 18 27 12 11 6 5
35 31 28 29 26 27 24 7 11 3 0 32 22 24 28 21 30 14 12 5 7
16 3 3 3 6 5 8 25 32 29 32 0 10 9 4 11 5 28 30 34 29
17 10 7 7 6 5 4 16 24 19 22 10 0 5 7 3 11 21 23 24 21
20 7 6 6 2 4 2 17 23 21 24 9 5 0 4 3 7 20 22 25 21
18 3 2 3 2 3 4 21 28 25 28 4 7 4 0 7 4 24 26 30 25
20 10 8 8 5 6 3 14 22 18 21 11 3 3 7 0 10 19 21 23 19
21 2 5 6 5 6 7 24 29 27 30 5 11 7 4 10 0 25 27 32 27
38 26 25 26 22 24 21 10 5 12 14 28 21 20 24 19 25 0 3 11 7
39 29 28 28 24 26 23 10 2 11 12 30 23 22 26 21 27 3 0 9 5
39 32 30 31 27 29 26 9 7 6 5 34 24 25 30 23 32 11 9 0 5
36 28 26 27 23 24 22 5 5 5 7 29 21 21 25 19 27 7 5 5 0
