10 3
0 16 15 19 16 18 20 31 40 35 39 16 17 19 20 18 21 33 38 39 36
16 0 1 4 2 4 6 22 29 28 30 3 7 4 8 2 5 26 25 28 26
15 1 0 4 2 5 6 22 30 29 31 3 7 4 8 3 6 26 26 28 27
19 4 4 0 3 2 2 19 26 26 27 6 6 5 5 2 5 23 22 24 23
16 2 2 3 0 3 4 20 28 27 29 5 5 5 6 3 6 24 24 26 24
18 4 5 2 3 0 2 17 25 24 26 8 4 7 3 4 7 21 21 23 22
20 6 6 2 4 2 0 17 23 24 25 9 5 7 3 4 7 21 20 22 21
31 22 22 19 20 17 17 0 10 7 9 25 16 24 14 21 24 4 10 10 5
40 29 30 26 28 25 23 10 0 11 7 32 24 30 22 28 29 10 5 2 5
35 28 29 26 27 24 24 7 11 0 5 32 22 31 21 28 30 3 14 12 7
39 30 31 27 29 26 25 9 7 5 0 34 24 32 23 30 32 6 11 9 5
16 3 3 6 5 8 9 25 32 32 34 0 10 3 11 4 5 29 28 30 29
17 7 7 6 5 4 5 16 24 22 24 10 0 10 3 7 11 19 21 23 21
19 4 4 5 5 7 7 24 30 31 32 3 10 0 10 3 2 28 26 29 28
20 8 8 5 6 3 3 14 22 21 23 11 3 10 0 7 10 18 19 21 19
18 2 3 2 3 4 4 21 28 28 30 4 7 3 7 0 4 25 24 26 25
21 5 6 5 6 7 7 24 29 30 32 5 11 2 10 4 0 27 25 27 27
33 26 26 23 24 21 21 4 10 3 6 29 19 28 18 25 27 0 12 11 5
38 25 26 22 24 21 20 10 5 14 11 28 21 26 19 24 25 12 0 3 7
39 28 28 24 26 23 22 10 2 12 9 30 23 29 21 26 27 11 3 0 5
36 26 27 23 24 22 21 5 5 7 5 29 21 28 19 25 27 5 7 5 0
