10 3
0 21 16 15 16 20 38 31 39 33 39 19 18 20 18 19 17 40 39 35 36
21 0 5 6 6 10 25 24 27 27 32 2 7 7 4 5 11 29 27 30 27
16 5 0 1 2 8 25 22 28 26 30 4 4 6 2 4 7 29 28 28 26
15 6 1 0 2 8 26 22 28 26 31 4 5 6 3 4 7 30 28 29 27
16 6 2 2 0 6 24 20 26 24 29 5 3 4 3 3 5 28 26 27 24
20 10 8 8 6 0 19 14 21 18 23 10 3 3 7 5 3 22 21 21 19
38 25 25 26 24 19 0 10 3 12 11 26 21 20 24 22 21 5 3 14 7
31 24 22 22 20 14 10 0 10 4 9 24 17 17 21 19 16 10 10 7 5
39 27 28 28 26 21 3 10 0 11 9 29 23 22 26 24 23 2 0 12 5
33 27 26 26 24 18 12 4 11 0 6 28 21 21 25 23 19 10 11 3 5
39 32 30 31 29 23 11 9 9 6 0 32 26 25 30 27 24 7 9 5 5
19 2 4 4 5 10 26 24 29 28 32 0 7 7 3 5 10 30 29 31 28
18 7 4 5 3 3 21 17 23 21 26 7 0 2 4 2 4 25 23 24 22
20 7 6 6 4 3 20 17 22 21 25 7 2 0 4 2 5 23 22 24 21
18 4 2 3 3 7 24 21 26 25 30 3 4 4 0 2 7 28 26 28 25
19 5 4 4 3 5 22 19 24 23 27 5 2 2 2 0 6 26 24 26 23
17 11 7 7 5 3 21 16 23 19 24 10 4 5 7 6 0 24 23 22 21
40 29 29 30 28 22 5 10 2 10 7 30 25 23 28 26 24 0 2 11 5
39 27 28 28 26 21 3 10 0 11 9 29 23 22 26 24 23 2 0 12 5
35 30 28 29 27 21 14 7 12 3 5 31 24 24 28 26 22 11 12 0 7
36 27 26 27 24 19 7 5 5 5 5 28 22 21 25 23 21 5 5 7 0
