10 3
0 19 15 16 18 20 20 31 33 35 39 16 16 18 17 21 19 39 36 40 38
19 0 4 5 7 7 10 24 28 31 32 3 4 3 10 2 5 29 28 30 26
15 4 0 2 5 6 8 22 26 29 31 3 1 3 7 6 4 28 27 30 26
16 5 2 0 3 4 6 20 24 27 29 5 2 3 5 6 3 26 24 28 24
18 7 5 3 0 2 3 17 21 24 26 8 4 4 4 7 2 23 22 25 21
20 7 6 4 2 0 3 17 21 24 25 9 6 4 5 7 2 22 21 23 20
20 10 8 6 3 3 0 14 18 21 23 11 8 7 3 10 5 21 19 22 19
31 24 22 20 17 17 14 0 4 7 9 25 22 21 16 24 19 10 5 10 10
33 28 26 24 21 21 18 4 0 3 6 29 26 25 19 27 23 11 5 10 12
35 31 29 27 24 24 21 7 3 0 5 32 28 28 22 30 26 12 7 11 14
39 32 31 29 26 25 23 9 6 5 0 34 30 30 24 32 27 9 5 7 11
16 3 3 5 8 9 11 25 29 32 34 0 3 4 10 5 6 30 29 32 28
16 4 1 2 4 6 8 22 26 28 30 3 0 2 7 5 4 28 26 29 25
18 3 3 3 4 4 7 21 25 28 30 4 2 0 7 4 2 26 25 28 24
17 10 7 5 4 5 3 16 19 22 24 10 7 7 0 11 6 23 21 24 21
21 2 6 6 7 7 10 24 27 30 32 5 5 4 11 0 5 27 27 29 25
19 5 4 3 2 2 5 19 23 26 27 6 4 2 6 5 0 24 23 26 22
39 29 28 26 23 22 21 10 11 12 9 30 28 26 23 27 24 0 5 2 3
36 28 27 24 22 21 19 5 5 7 5 29 26 25 21 27 23 5 0 5 7
40 30 30 28 25 23 22 10 10 11 7 32 29 28 24 29 26 2 5 0 5
38 26 26 24 21 20 19 10 12 14 11 28 25 24 21 25 22 3 7 5 0
