10 3
0 16 15 19 18 20 20 31 40 35 39 16 16 21 17 18 19 33 39 38 36
16 0 1 4 4 6 8 22 29 28 30 3 2 5 7 2 4 26 28 25 26
15 1 0 4 5 6 8 22 30 29 31 3 2 6 7 3 4 26 28 26 27
19 4 4 0 2 2 5 19 26 26 27 6 3 5 6 2 5 23 24 22 23
18 4 5 2 0 2 3 17 25 24 26 8 3 7 4 4 7 21 23 21 22
20 6 6 2 2 0 3 17 23 24 25 9 4 7 5 4 7 21 22 20 21
20 8 8 5 3 3 0 14 22 21 23 11 6 10 3 7 10 18 21 19 19
31 22 22 19 17 17 14 0 10 7 9 25 20 24 16 21 24 4 10 10 5
40 29 30 26 25 23 22 10 0 11 7 32 28 29 24 28 30 10 2 5 5
35 28 29 26 24 24 21 7 11 0 5 32 27 30 22 28 31 3 12 14 7
39 30 31 27 26 25 23 9 7 5 0 34 29 32 24 30 32 6 9 11 5
16 3 3 6 8 9 11 25 32 32 34 0 5 5 10 4 3 29 30 28 29
16 2 2 3 3 4 6 20 28 27 29 5 0 6 5 3 5 24 26 24 24
21 5 6 5 7 7 10 24 29 30 32 5 6 0 11 4 2 27 27 25 27
17 7 7 6 4 5 3 16 24 22 24 10 5 11 0 7 10 19 23 21 21
18 2 3 2 4 4 7 21 28 28 30 4 3 4 7 0 3 25 26 24 25
19 4 4 5 7 7 10 24 30 31 32 3 5 2 10 3 0 28 29 26 28
33 26 26 23 21 21 18 4 10 3 6 29 24 27 19 25 28 0 11 12 5
39 28 28 24 23 22 21 10 2 12 9 30 26 27 23 26 29 11 0 3 5
38 25 26 22 21 20 19 10 5 14 11 28 24 25 21 24 26 12 3 0 7
36 26 27 23 22 21 19 5 5 7 5 29 24 27 21 25 28 5 5 7 0
