10 3
0 28 21 26 15 25 38 31 39 40 10 26 57 56 44 39 12 17 24 23 12
28 0 9 12 14 49 29 30 32 34 33 24 59 60 18 37 23 19 31 25 33
21 9 0 16 6 40 25 24 27 29 25 26 61 62 27 32 15 11 23 17 25
26 12 16 0 18 50 40 39 42 44 34 13 47 48 20 47 27 25 38 32 35
15 14 6 18 0 35 26 22 28 30 19 26 61 61 32 31 9 7 20 15 19
25 49 40 50 35 0 44 34 43 43 16 52 79 77 67 38 25 31 25 30 16
38 29 25 40 26 44 0 10 3 5 35 51 86 87 42 11 27 21 19 15 33
31 30 24 39 22 34 10 0 10 10 26 48 83 83 46 9 19 16 9 8 24
39 32 27 42 28 43 3 10 0 2 36 53 88 89 45 9 28 23 19 16 34
40 34 29 44 30 43 5 10 2 0 36 55 90 91 47 7 29 24 19 17 34
10 33 25 34 19 16 35 26 36 36 0 36 67 65 51 34 11 17 18 20 3
26 24 26 13 26 52 51 48 53 55 36 0 35 36 30 57 32 33 45 41 38
57 59 61 47 61 79 86 83 88 90 67 35 0 6 57 92 66 68 79 76 69
56 60 62 48 61 77 87 83 89 91 65 36 6 0 60 92 65 67 79 75 68
44 18 27 20 32 67 42 46 45 47 51 30 57 60 0 52 41 37 49 42 51
39 37 32 47 31 38 11 9 9 7 34 57 92 92 52 0 28 24 16 16 31
12 23 15 27 9 25 27 19 28 29 11 32 66 65 41 28 0 6 13 12 10
17 19 11 25 7 31 21 16 23 24 17 33 68 67 37 24 6 0 13 8 16
24 31 23 38 20 25 19 9 19 19 18 45 79 79 49 16 13 13 0 7 15
23 25 17 32 15 30 15 8 16 17 20 41 76 75 42 16 12 8 7 0 18
12 33 25 35 19 16 33 24 34 34 3 38 69 68 51 31 10 16 15 18 0
