10 3
0 28 21 29 15 25 12 23 36 40 35 51 41 21 32 32 12 17 20 38 39
28 0 9 12 14 49 23 25 32 34 37 60 15 22 36 55 29 19 18 29 37
21 9 0 17 6 40 15 17 27 29 30 60 23 21 37 46 21 11 10 25 32
29 12 17 0 20 53 29 34 43 45 47 50 13 14 26 60 35 27 27 40 48
15 14 6 20 0 35 9 15 27 30 29 59 29 21 36 41 15 7 8 26 31
25 49 40 53 35 0 25 30 38 43 33 71 63 46 56 6 20 31 33 44 38
12 23 15 29 9 25 0 12 24 29 24 62 38 26 41 31 6 6 9 27 28
23 25 17 34 15 30 12 0 13 17 14 73 39 35 51 35 14 8 7 15 16
36 32 27 43 27 38 24 13 0 5 7 85 45 47 63 41 26 21 19 7 5
40 34 29 45 30 43 29 17 5 0 11 88 45 50 66 46 31 24 22 5 7
35 37 30 47 29 33 24 14 7 11 0 86 50 49 64 35 24 22 21 14 5
51 60 60 50 59 71 62 73 85 88 86 0 60 39 24 76 63 65 67 85 89
41 15 23 13 29 63 38 39 45 45 50 60 0 27 38 69 44 34 33 40 50
21 22 21 14 21 46 26 35 47 50 49 39 27 0 16 52 30 27 29 46 51
32 36 37 26 36 56 41 51 63 66 64 24 38 16 0 62 43 43 44 62 67
32 55 46 60 41 6 31 35 41 46 35 76 69 52 62 0 26 36 38 47 40
12 29 21 35 15 20 6 14 26 31 24 63 44 30 43 26 0 11 14 29 28
17 19 11 27 7 31 6 8 21 24 22 65 34 27 43 36 11 0 3 21 24
20 18 10 27 8 33 9 7 19 22 21 67 33 29 44 38 14 3 0 19 23
38 29 25 40 26 44 27 15 7 5 14 85 40 46 62 47 29 21 19 0 11
39 37 32 48 31 38 28 16 5 7 5 89 50 51 67 40 28 24 23 11 0
