10 3
0 28 21 26 15 25 27 12 39 33 35 46 37 32 16 40 59 12 20 31 38
28 0 9 12 14 49 8 23 32 34 37 45 11 36 12 34 62 23 18 30 29
21 9 0 16 6 40 13 15 27 27 30 48 20 37 5 29 64 15 10 24 25
26 12 16 0 18 50 4 27 42 43 46 33 14 24 15 44 50 27 25 39 40
15 14 6 18 0 35 17 9 28 26 29 48 25 36 3 30 64 9 8 22 26
25 49 40 50 35 0 50 25 43 33 33 70 60 56 37 43 80 25 33 34 44
27 8 13 4 17 50 0 26 39 40 43 37 11 29 14 41 54 26 23 36 36
12 23 15 27 9 25 26 0 28 22 24 54 34 41 12 29 68 0 9 19 27
39 32 27 42 28 43 39 28 0 11 12 75 40 64 30 2 91 28 21 10 3
33 34 27 43 26 33 40 22 11 0 3 74 44 62 29 10 89 22 18 4 12
35 37 30 46 29 33 43 24 12 3 0 77 47 64 32 11 92 24 21 7 14
46 45 48 33 48 70 37 54 75 74 77 0 42 14 45 77 18 54 56 70 72
37 11 20 14 25 60 11 34 40 44 47 42 0 36 23 42 60 34 29 40 37
32 36 37 24 36 56 29 41 64 62 64 14 36 0 34 66 27 41 44 58 62
16 12 5 15 3 37 14 12 30 29 32 45 23 34 0 32 61 12 11 25 28
40 34 29 44 30 43 41 29 2 10 11 77 42 66 32 0 93 29 22 10 5
59 62 64 50 64 80 54 68 91 89 92 18 60 27 61 93 0 68 72 86 89
12 23 15 27 9 25 26 0 28 22 24 54 34 41 12 29 68 0 9 19 27
20 18 10 25 8 33 23 9 21 18 21 56 29 44 11 22 72 9 0 14 19
31 30 24 39 22 34 36 19 10 4 7 70 40 58 25 10 86 19 14 0 10
38 29 25 40 26 44 36 27 3 12 14 72 37 62 28 5 89 27 19 10 0
