10 3
0 18 21 26 34 32 30 29 16 18 36 20 23 30 32 42 17 26 9 29 36
18 0 24 36 50 21 13 25 27 10 23 9 20 33 49 32 11 20 20 12 23
21 24 0 14 35 20 29 11 11 32 47 32 8 10 46 27 13 11 12 35 47
26 36 14 0 24 33 43 23 10 42 59 43 22 14 41 38 27 25 18 48 59
34 50 35 24 0 55 61 46 25 51 69 54 43 38 25 62 44 46 31 62 69
32 21 20 33 55 0 16 11 30 32 40 30 12 22 63 11 15 9 27 27 40
30 13 29 43 61 16 0 25 36 21 25 18 22 35 62 25 17 21 30 12 25
29 25 11 23 46 11 25 0 22 35 47 34 6 11 57 16 15 5 22 35 47
16 27 11 10 25 30 36 22 0 32 49 33 18 18 35 38 20 22 8 40 49
18 10 32 42 51 32 21 35 32 0 18 3 29 41 45 43 20 30 24 13 18
36 23 47 59 69 40 25 47 49 18 0 16 43 56 61 50 34 42 42 13 0
20 9 32 43 54 30 18 34 33 3 16 0 28 41 48 41 19 29 25 10 16
23 20 8 22 43 12 22 6 18 29 43 28 0 14 52 20 9 3 16 30 43
30 33 10 14 38 22 35 11 18 41 56 41 14 0 53 25 22 15 22 44 56
32 49 46 41 25 63 62 57 35 45 61 48 52 53 0 72 48 55 36 58 61
42 32 27 38 62 11 25 16 38 43 50 41 20 25 72 0 26 17 37 37 50
17 11 13 27 44 15 17 15 20 20 34 19 9 22 48 26 0 10 14 22 34
26 20 11 25 46 9 21 5 22 30 42 29 3 15 55 17 10 0 19 30 42
9 20 12 18 31 27 30 22 8 24 42 25 16 22 36 37 14 19 0 32 42
29 12 35 48 62 27 12 35 40 13 13 10 30 44 58 37 22 30 32 0 13
36 23 47 59 69 40 25 47 49 18 0 16 43 56 61 50 34 42 42 13 0
