10 3
0 18 25 11 34 15 32 30 16 32 18 25 34 15 17 26 32 29 26 41 23
18 0 20 16 50 23 21 33 27 49 10 12 30 16 35 38 24 36 36 56 25
25 20 0 32 57 16 41 51 40 46 10 11 10 34 40 28 44 52 51 46 9
11 16 32 0 35 25 22 20 11 40 22 27 41 4 23 37 21 21 20 52 32
34 50 57 35 0 42 55 38 25 25 51 58 64 38 17 41 52 30 24 43 52
15 23 16 25 42 0 43 45 30 30 16 22 21 29 25 15 44 44 41 33 9
32 21 41 22 55 43 0 22 30 63 32 31 51 18 45 57 6 29 33 73 46
30 33 51 20 38 45 22 0 18 53 41 44 61 17 34 55 17 8 14 68 52
16 27 40 11 25 30 30 18 0 35 32 37 49 13 16 38 28 14 10 50 39
32 49 46 40 25 30 63 53 35 0 45 52 49 44 19 21 61 47 41 18 38
18 10 10 22 51 16 32 41 32 45 0 7 20 24 35 30 35 43 42 48 15
25 12 11 27 58 22 31 44 37 52 7 0 20 28 42 37 35 47 47 55 19
34 30 10 41 64 21 51 61 49 49 20 20 0 44 47 29 54 62 60 45 12
15 16 34 4 38 29 18 17 13 44 24 28 44 0 27 41 17 19 20 56 35
17 35 40 23 17 25 45 34 16 19 35 42 47 27 0 26 43 29 23 35 35
26 38 28 37 41 15 57 55 38 21 30 37 29 41 26 0 57 52 47 18 19
32 24 44 21 52 44 6 17 28 61 35 35 54 17 43 57 0 25 29 73 48
29 36 52 21 30 44 29 8 14 47 43 47 62 19 29 52 25 0 6 63 52
26 36 51 20 24 41 33 14 10 41 42 47 60 20 23 47 29 6 0 57 49
41 56 46 52 43 33 73 68 50 18 48 55 45 56 35 18 73 63 57 0 36
23 25 9 32 52 9 46 52 39 38 15 19 12 35 35 19 48 52 49 36 0
