10 3
0 18 22 21 32 15 32 30 30 18 27 23 21 29 40 30 35 18 18 28 9
18 0 34 24 47 23 21 13 33 10 12 6 29 25 58 38 31 7 25 15 9
22 34 0 43 15 11 53 47 52 27 36 40 8 51 29 9 58 38 40 35 27
21 24 43 0 50 35 20 29 10 32 36 25 42 11 55 50 16 18 4 39 21
32 47 15 50 0 25 64 60 58 41 51 53 23 60 14 20 66 50 46 49 39
15 23 11 35 25 0 43 36 45 16 25 29 6 43 38 16 49 28 33 24 17
32 21 53 20 64 43 0 16 22 32 30 17 49 11 72 59 14 15 24 34 26
30 13 47 29 60 36 16 0 35 21 16 7 41 25 71 50 29 13 32 20 22
30 33 52 10 58 45 22 35 0 41 45 32 51 11 62 60 12 26 13 48 31
18 10 27 32 41 16 32 21 41 0 10 15 20 35 53 29 41 17 31 10 11
27 12 36 36 51 25 30 16 45 10 0 13 29 36 63 37 42 19 37 4 18
23 6 40 25 53 29 17 7 32 15 13 0 35 23 63 44 29 7 27 17 15
21 29 8 42 23 6 49 41 51 20 29 35 0 49 37 9 55 34 39 27 23
29 25 51 11 60 43 11 25 11 35 36 23 49 0 66 58 6 18 16 40 27
40 58 29 55 14 38 72 71 62 53 63 63 37 66 0 34 71 59 50 62 49
30 38 9 50 20 16 59 50 60 29 37 44 9 58 34 0 65 43 48 34 32
35 31 58 16 66 49 14 29 12 41 42 29 55 6 71 65 0 24 21 46 33
18 7 38 18 50 28 15 13 26 17 19 7 34 18 59 43 24 0 19 22 11
18 25 40 4 46 33 24 32 13 31 37 27 39 16 50 48 21 19 0 39 21
28 15 35 39 49 24 34 20 48 10 4 17 27 40 62 34 46 22 39 0 20
9 9 27 21 39 17 26 22 31 11 18 15 23 27 49 32 33 11 21 20 0
