10 3
0 15 18 21 11 26 15 11 32 30 29 16 25 30 18 21 28 9 35 25 25
15 0 33 32 25 32 17 26 47 45 42 11 36 41 32 21 15 24 48 41 38
18 33 0 24 16 36 23 9 21 13 25 29 12 33 16 36 42 9 31 12 24
21 32 24 0 10 14 35 16 20 29 11 36 35 10 8 21 47 21 16 20 7
11 25 16 10 0 20 25 7 22 25 18 27 27 20 7 21 38 12 24 18 14
26 32 36 14 20 0 41 27 33 43 23 39 47 14 22 12 46 31 26 34 19
15 17 23 35 25 41 0 22 43 36 43 7 22 45 31 34 20 17 49 35 40
11 26 9 16 7 27 22 0 21 20 21 25 20 25 9 27 38 6 27 14 18
32 47 21 20 22 33 43 21 0 16 11 47 31 22 15 40 59 26 14 9 14
30 45 13 29 25 43 36 20 16 0 25 42 18 35 21 46 55 22 29 9 26
29 42 25 11 18 23 43 21 11 25 0 45 37 11 12 32 56 27 6 16 4
16 11 29 36 27 39 7 25 47 42 45 0 29 46 33 30 13 21 51 39 41
25 36 12 35 27 47 22 20 31 18 37 29 0 44 27 45 42 16 42 22 36
30 41 33 10 20 14 45 25 22 35 11 46 44 0 17 25 55 31 12 26 9
18 32 16 8 7 22 31 9 15 21 12 33 27 17 0 26 45 15 18 12 9
21 21 36 21 21 12 34 27 40 46 32 30 45 25 26 0 35 29 36 38 27
28 15 42 47 38 46 20 38 59 55 56 13 42 55 45 35 0 34 62 52 52
9 24 9 21 12 31 17 6 26 22 27 21 16 31 15 29 34 0 33 18 24
35 48 31 16 24 26 49 27 14 29 6 51 42 12 18 36 62 33 0 21 10
25 41 12 20 18 34 35 14 9 9 16 39 22 26 12 38 52 18 21 0 17
25 38 24 7 14 19 40 18 14 26 4 41 36 9 9 27 52 24 10 17 0
