10 3
0 18 21 11 21 32 25 15 32 30 30 29 25 12 16 27 25 30 35 25 18
18 0 24 16 36 47 43 23 21 13 33 12 24 13 27 43 43 38 31 12 25
21 24 0 10 21 50 34 35 20 29 10 35 7 11 11 44 34 50 16 20 4
11 16 10 0 21 42 30 25 22 25 20 29 14 3 11 37 30 41 24 18 9
21 36 21 21 0 36 14 34 40 46 25 48 27 24 10 30 14 45 36 38 16
32 47 50 42 36 0 25 25 64 60 58 55 56 44 40 6 25 20 66 57 46
25 43 34 30 14 25 0 32 52 55 39 54 40 33 22 19 0 38 49 48 29
15 23 35 25 34 25 32 0 43 36 45 29 40 25 30 23 32 16 49 35 33
32 21 20 22 40 64 52 43 0 16 22 27 14 20 30 59 52 59 14 9 24
30 13 29 25 46 60 55 36 16 0 35 12 26 22 36 56 55 50 29 9 32
30 33 10 20 25 58 39 45 22 35 0 44 9 21 18 52 39 60 12 26 13
29 12 35 29 48 55 54 29 27 12 44 0 34 26 40 51 54 41 40 19 37
25 24 7 14 27 56 40 40 14 26 9 34 0 14 18 50 40 55 10 17 11
12 13 11 3 24 44 33 25 20 22 21 26 14 0 14 39 33 41 24 15 11
16 27 11 11 10 40 22 30 30 36 18 40 18 14 0 34 22 44 27 28 7
27 43 44 37 30 6 19 23 59 56 52 51 50 39 34 0 19 22 60 52 40
25 43 34 30 14 25 0 32 52 55 39 54 40 33 22 19 0 38 49 48 29
30 38 50 41 45 20 38 16 59 50 60 41 55 41 44 22 38 0 65 50 48
35 31 16 24 36 66 49 49 14 29 12 40 10 24 27 60 49 65 0 21 21
25 12 20 18 38 57 48 35 9 9 26 19 17 15 28 52 48 50 21 0 23
18 25 4 9 16 46 29 33 24 32 13 37 11 11 7 40 29 48 21 23 0
