10 3
0 15 18 21 26 32 34 32 30 30 16 28 27 41 26 17 32 29 22 18 29
15 0 33 21 32 18 26 47 45 41 23 15 39 41 32 6 16 42 34 28 37
18 33 0 36 36 47 50 21 13 33 27 42 12 54 36 32 49 25 12 25 36
21 21 36 0 12 36 15 40 46 25 10 35 47 21 12 27 29 32 43 16 18
26 32 36 12 0 48 24 33 43 14 10 46 48 19 0 37 41 23 46 11 6
32 18 47 36 48 0 35 64 60 58 40 6 51 53 48 15 11 60 45 46 54
34 26 50 15 24 35 0 55 61 38 25 37 60 19 24 32 25 46 56 31 30
32 47 21 40 33 64 55 0 16 22 30 59 30 52 33 49 63 11 33 24 29
30 45 13 46 43 60 61 16 0 35 36 55 16 62 43 45 62 25 20 32 41
30 41 33 25 14 58 38 22 35 0 18 55 45 30 14 45 53 11 44 13 8
16 23 27 10 10 40 25 30 36 18 0 38 39 27 10 28 35 22 36 7 14
28 15 42 35 46 6 37 59 55 55 38 0 45 53 46 11 15 56 39 43 52
27 39 12 47 48 51 60 30 16 45 39 45 0 66 48 37 55 36 6 37 48
41 41 54 21 19 53 19 52 62 30 27 53 66 0 19 47 43 41 63 30 22
26 32 36 12 0 48 24 33 43 14 10 46 48 19 0 37 41 23 46 11 6
17 6 32 27 37 15 32 49 45 45 28 11 37 47 37 0 18 46 31 33 42
32 16 49 29 41 11 25 63 62 53 35 15 55 43 41 18 0 57 49 42 47
29 42 25 32 23 60 46 11 25 11 22 56 36 41 23 46 57 0 37 16 18
22 34 12 43 46 45 56 33 20 44 36 39 6 63 46 31 49 37 0 35 47
18 28 25 16 11 46 31 24 32 13 7 43 37 30 11 33 42 16 35 0 12
29 37 36 18 6 54 30 29 41 8 14 52 48 22 6 42 47 18 47 12 0
