10 3
0 25 21 26 32 25 34 30 16 32 32 11 21 25 40 31 12 35 28 9 50
25 0 46 51 40 47 57 29 40 57 46 32 36 43 48 33 32 51 34 33 57
21 46 0 12 36 14 15 46 10 11 29 21 29 22 41 41 17 36 35 16 50
26 51 12 0 48 26 24 43 10 18 41 20 24 34 53 52 27 26 46 18 62
32 40 36 48 0 25 35 60 40 40 11 42 53 15 8 10 22 66 6 38 18
25 47 14 26 25 0 11 55 22 15 16 30 41 10 28 32 15 49 26 25 36
34 57 15 24 35 11 0 61 25 7 25 35 44 21 37 43 25 50 37 31 44
30 29 46 43 60 55 61 0 36 57 62 25 19 56 69 56 43 29 55 30 79
16 40 10 10 40 22 25 36 0 21 35 11 19 28 46 43 18 27 38 8 56
32 57 11 18 40 15 7 57 21 0 30 32 39 25 43 47 26 43 40 27 50
32 46 29 41 11 16 25 62 35 30 0 40 51 7 12 21 20 62 15 36 21
11 32 21 20 42 30 35 25 11 32 40 0 11 34 50 42 21 24 38 5 60
21 36 29 24 53 41 44 19 19 39 51 11 0 44 60 52 32 15 49 16 71
25 43 22 34 15 10 21 56 28 25 7 34 44 0 19 22 13 55 16 29 28
40 48 41 53 8 28 37 69 46 43 12 50 60 19 0 16 29 73 14 45 10
31 33 41 52 10 32 43 56 43 47 21 42 52 22 16 0 25 66 6 39 25
12 32 17 27 22 15 25 43 18 26 20 21 32 13 29 25 0 44 19 16 39
35 51 36 26 66 49 50 29 27 43 62 24 15 55 73 66 44 0 62 28 83
28 34 35 46 6 26 37 55 38 40 15 38 49 16 14 6 19 62 0 35 24
9 33 16 18 38 25 31 30 8 27 36 5 16 29 45 39 16 28 35 0 55
50 57 50 62 18 36 44 79 56 50 21 60 71 28 10 25 39 83 24 55 0
