10 3
0 15 22 21 11 21 26 25 34 15 32 25 28 42 21 20 21 21 9 27 21
15 0 15 32 25 21 32 16 26 17 47 36 15 57 19 34 30 8 21 12 36
22 15 0 43 34 35 45 29 40 11 53 33 9 64 8 43 42 21 31 14 43
21 32 43 0 10 21 14 34 35 35 20 35 47 27 42 7 7 34 12 44 10
11 25 34 10 0 21 20 30 35 25 22 27 38 32 32 9 13 29 5 37 11
21 21 35 21 21 0 12 14 15 34 40 45 35 47 38 26 14 18 16 30 29
26 32 45 14 20 12 0 26 24 41 33 47 46 38 46 21 7 30 18 42 24
25 16 29 34 30 14 26 0 11 32 52 50 26 60 35 38 28 8 25 19 41
34 26 40 35 35 15 24 11 0 42 55 58 37 62 46 41 29 19 31 30 44
15 17 11 35 25 34 41 32 42 0 43 22 20 54 6 34 36 25 24 23 34
32 47 53 20 22 40 33 52 55 43 0 31 59 11 49 14 27 51 27 59 12
25 36 33 35 27 45 47 50 58 22 31 0 42 42 26 30 40 44 30 45 28
28 15 9 47 38 35 46 26 37 20 59 42 0 70 17 48 44 18 35 7 49
42 57 64 27 32 47 38 60 62 54 11 42 70 0 60 23 33 60 37 69 21
21 19 8 42 32 38 46 35 46 6 49 26 17 60 0 40 42 27 30 22 40
20 34 43 7 9 26 21 38 41 34 14 30 48 23 40 0 14 37 14 46 3
21 30 42 7 13 14 7 28 29 36 27 40 44 33 42 14 0 30 12 41 17
21 8 21 34 29 18 30 8 19 25 51 44 18 60 27 37 30 0 24 12 39
9 21 31 12 5 16 18 25 31 24 27 30 35 37 30 14 12 24 0 33 16
27 12 14 44 37 30 42 19 30 23 59 45 7 69 22 46 41 12 33 0 48
21 36 43 10 11 29 24 41 44 34 12 28 49 21 40 3 17 39 16 48 0
