10 3
0 22 21 11 21 25 34 15 32 16 32 17 4 27 17 30 30 40 29 25 32
22 0 43 34 35 29 40 11 53 35 22 8 23 36 40 52 14 29 51 33 15
21 43 0 10 21 34 35 35 20 11 46 36 22 36 6 10 50 55 11 35 50
11 34 10 0 21 30 35 25 22 11 40 28 12 28 6 20 40 49 18 27 42
21 35 21 21 0 14 15 34 40 10 29 27 25 47 24 25 47 37 32 45 36
25 29 34 30 14 0 11 32 52 22 16 21 30 52 35 39 43 23 45 50 25
34 40 35 35 15 11 0 42 55 25 25 32 38 60 39 38 54 30 46 58 35
15 11 35 25 34 32 42 0 43 30 30 12 14 25 31 45 15 38 43 22 25
32 53 20 22 40 52 55 43 0 30 63 49 30 30 17 22 56 72 11 31 64
16 35 11 11 10 22 25 30 30 0 35 28 19 39 14 18 45 44 22 37 40
32 22 46 40 29 16 25 30 63 35 0 18 35 55 46 53 36 9 57 52 11
17 8 36 28 27 21 32 12 49 28 18 0 19 37 34 45 22 26 46 34 15
4 23 22 12 25 30 38 14 30 19 35 19 0 22 18 32 28 44 29 20 34
27 36 36 28 47 52 60 25 30 39 55 37 22 0 30 45 32 63 36 3 51
17 40 6 6 24 35 39 31 17 14 46 34 18 30 0 16 46 55 12 29 49
30 52 10 20 25 39 38 45 22 18 53 45 32 45 16 0 60 62 11 44 58
30 14 50 40 47 43 54 15 56 45 36 22 28 32 46 60 0 41 57 29 27
40 29 55 49 37 23 30 38 72 44 9 26 44 63 55 62 41 0 66 60 14
29 51 11 18 32 45 46 43 11 22 57 46 29 36 12 11 57 66 0 37 60
25 33 35 27 45 50 58 22 31 37 52 34 20 3 29 44 29 60 37 0 48
32 15 50 42 36 25 35 25 64 40 11 15 34 51 49 58 27 14 60 48 0
