10 3
0 38 39 40 33 35 32 35 39 41 35 38 36 38 31 35 40 34 32 34 35
38 0 3 5 12 14 43 45 51 51 72 0 7 6 10 14 47 52 47 48 72
39 3 0 2 11 12 42 43 49 50 73 3 5 4 10 12 46 51 47 47 73
40 5 2 0 10 11 42 43 48 49 73 5 5 3 10 11 45 51 46 47 73
33 12 11 10 0 3 32 33 38 39 65 12 5 7 4 3 35 41 36 36 65
35 14 12 11 3 0 31 32 37 38 66 14 7 9 7 0 34 40 35 36 66
32 43 42 42 32 31 0 3 8 9 45 43 37 39 33 31 8 10 5 5 45
35 45 43 43 33 32 3 0 6 7 48 45 38 40 34 32 5 11 7 6 48
39 51 49 48 38 37 8 6 0 2 47 51 44 46 40 37 5 9 8 6 47
41 51 50 49 39 38 9 7 2 0 49 51 45 47 41 38 5 11 10 8 49
35 72 73 73 65 66 45 48 47 49 0 72 69 71 63 66 52 38 41 42 0
38 0 3 5 12 14 43 45 51 51 72 0 7 6 10 14 47 52 47 48 72
36 7 5 5 5 7 37 38 44 45 69 7 0 2 5 7 40 46 41 42 69
38 6 4 3 7 9 39 40 46 47 71 6 2 0 7 9 42 48 43 44 71
31 10 10 10 4 7 33 34 40 41 63 10 5 7 0 7 37 42 37 38 63
35 14 12 11 3 0 31 32 37 38 66 14 7 9 7 0 34 40 35 36 66
40 47 46 45 35 34 8 5 5 5 52 47 40 42 37 34 0 14 11 9 52
34 52 51 51 41 40 10 11 9 11 38 52 46 48 42 40 14 0 5 5 38
32 47 47 46 36 35 5 7 8 10 41 47 41 43 37 35 11 5 0 2 41
34 48 47 47 36 36 5 6 6 8 42 48 42 44 38 36 9 5 2 0 42
35 72 73 73 65 66 45 48 47 49 0 72 69 71 63 66 52 38 41 42 0
