10 3
0 38 31 36 40 35 39 34 32 35 40 37 33 19 38 35 39 39 38 41 32
38 0 10 7 5 14 11 48 43 45 47 9 12 19 6 14 3 51 54 51 47
31 10 0 5 10 7 9 38 33 34 37 6 4 12 7 7 10 40 43 41 37
36 7 5 0 5 7 5 42 37 38 40 2 5 17 2 7 5 44 47 45 41
40 5 10 5 0 11 7 47 42 43 45 5 10 21 3 11 2 48 52 49 46
35 14 7 7 11 0 5 36 31 32 34 6 3 18 9 0 12 37 41 38 35
39 11 9 5 7 5 0 41 36 36 38 3 6 21 5 5 9 42 46 43 40
34 48 38 42 47 36 41 0 5 6 9 41 36 35 44 36 47 6 6 8 2
32 43 33 37 42 31 36 5 0 3 8 36 32 32 39 31 42 8 10 9 5
35 45 34 38 43 32 36 6 3 0 5 37 33 34 40 32 43 6 10 7 7
40 47 37 40 45 34 38 9 8 5 0 39 35 38 42 34 46 5 11 5 11
37 9 6 2 5 6 3 41 36 37 39 0 5 18 3 6 6 43 47 44 41
33 12 4 5 10 3 6 36 32 33 35 5 0 15 7 3 11 38 42 39 36
19 19 12 17 21 18 21 35 32 34 38 18 15 0 19 18 20 40 41 41 34
38 6 7 2 3 9 5 44 39 40 42 3 7 19 0 9 4 46 49 47 43
35 14 7 7 11 0 5 36 31 32 34 6 3 18 9 0 12 37 41 38 35
39 3 10 5 2 12 9 47 42 43 46 6 11 20 4 12 0 49 53 50 47
39 51 40 44 48 37 42 6 8 6 5 43 38 40 46 37 49 0 6 2 8
38 54 43 47 52 41 46 6 10 10 11 47 42 41 49 41 53 6 0 7 7
41 51 41 45 49 38 43 8 9 7 5 44 39 41 47 38 50 2 7 0 10
32 47 37 41 46 35 40 2 5 7 11 41 36 34 43 35 47 8 7 10 0
