10 3
0 38 31 33 39 34 34 32 35 39 45 38 40 19 35 40 47 32 36 41 45
38 0 10 12 11 52 48 43 45 51 82 0 5 19 14 47 76 43 65 51 82
31 10 0 4 9 42 38 33 34 40 73 10 10 12 7 37 65 33 55 41 73
33 12 4 0 6 41 36 32 33 38 75 12 10 15 3 35 65 32 55 39 74
39 11 9 6 0 45 41 36 36 42 80 11 7 21 5 38 70 36 60 43 80
34 52 42 41 45 0 5 10 11 9 45 52 51 38 40 14 25 10 18 11 44
34 48 38 36 41 5 0 5 6 6 50 48 47 35 36 9 31 5 23 8 49
32 43 33 32 36 10 5 0 3 8 54 43 42 32 31 8 36 0 28 9 52
35 45 34 33 36 11 6 3 0 6 56 45 43 34 32 5 36 3 29 7 54
39 51 40 38 42 9 6 8 6 0 55 51 48 40 37 5 33 8 27 2 53
45 82 73 75 80 45 50 54 56 55 0 82 84 63 76 59 29 54 28 56 2
38 0 10 12 11 52 48 43 45 51 82 0 5 19 14 47 76 43 65 51 82
40 5 10 10 7 51 47 42 43 48 84 5 0 21 11 45 75 42 65 49 83
19 19 12 15 21 38 35 32 34 40 63 19 21 0 18 38 59 32 48 41 63
35 14 7 3 5 40 36 31 32 37 76 14 11 18 0 34 65 31 55 38 75
40 47 37 35 38 14 9 8 5 5 59 47 45 38 34 0 38 8 32 5 58
47 76 65 65 70 25 31 36 36 33 29 76 75 59 65 38 0 36 11 34 27
32 43 33 32 36 10 5 0 3 8 54 43 42 32 31 8 36 0 28 9 52
36 65 55 55 60 18 23 28 29 27 28 65 65 48 55 32 11 28 0 28 27
41 51 41 39 43 11 8 9 7 2 56 51 49 41 38 5 34 9 28 0 55
45 82 73 74 80 44 49 52 54 53 2 82 83 63 75 58 27 52 27 55 0
