10 3
0 38 40 35 39 34 32 34 32 35 40 38 36 33 39 38 40 39 37 38 45
38 0 5 14 11 52 47 48 43 45 77 0 7 12 3 54 47 51 9 46 82
40 5 0 11 7 51 46 47 42 43 78 5 5 10 2 52 45 48 5 44 84
35 14 11 0 5 40 35 36 31 32 70 14 7 3 12 41 34 37 6 33 76
39 11 7 5 0 45 40 41 36 36 75 11 5 6 9 46 38 42 3 37 80
34 52 51 40 45 0 5 5 10 11 41 52 46 41 51 5 14 9 46 13 45
32 47 46 35 40 5 0 2 5 7 44 47 41 36 47 7 11 8 41 9 49
34 48 47 36 41 5 2 0 5 6 45 48 42 36 47 6 9 6 41 8 50
32 43 42 31 36 10 5 5 0 3 49 43 37 32 42 10 8 8 36 6 54
35 45 43 32 36 11 7 6 3 0 51 45 38 33 43 10 5 6 37 3 56
40 77 78 70 75 41 44 45 49 51 0 77 73 69 78 45 55 50 74 53 5
38 0 5 14 11 52 47 48 43 45 77 0 7 12 3 54 47 51 9 46 82
36 7 5 7 5 46 41 42 37 38 73 7 0 5 5 47 40 44 2 39 79
33 12 10 3 6 41 36 36 32 33 69 12 5 0 11 42 35 38 5 34 75
39 3 2 12 9 51 47 47 42 43 78 3 5 11 0 53 46 49 6 45 83
38 54 52 41 46 5 7 6 10 10 45 54 47 42 53 0 11 6 47 10 49
40 47 45 34 38 14 11 9 8 5 55 47 40 35 46 11 0 5 39 2 59
39 51 48 37 42 9 8 6 8 6 50 51 44 38 49 6 5 0 43 5 55
37 9 5 6 3 46 41 41 36 37 74 9 2 5 6 47 39 43 0 38 79
38 46 44 33 37 13 9 8 6 3 53 46 39 34 45 10 2 5 38 0 58
45 82 84 76 80 45 49 50 54 56 5 82 79 75 83 49 59 55 79 58 0
