10 3
0 38 31 33 35 34 32 32 35 45 35 39 40 14 37 38 38 40 34 45 45
38 0 10 12 14 52 47 43 45 82 72 3 5 25 9 62 54 47 48 81 82
31 10 0 4 7 42 37 33 34 73 63 10 10 17 6 52 43 37 38 72 73
33 12 4 0 3 41 36 32 33 75 65 11 10 19 5 51 42 35 36 73 74
35 14 7 3 0 40 35 31 32 76 66 12 11 21 6 51 41 34 36 74 75
34 52 42 41 40 0 5 10 11 45 38 51 51 32 46 11 5 14 5 41 44
32 47 37 36 35 5 0 5 7 49 41 47 46 28 41 16 7 11 2 45 47
32 43 33 32 31 10 5 0 3 54 45 42 42 27 36 21 10 8 5 50 52
35 45 34 33 32 11 7 3 0 56 48 43 43 29 37 22 10 5 6 52 54
45 82 73 75 76 45 49 54 56 0 10 83 84 57 79 37 49 59 50 6 2
35 72 63 65 66 38 41 45 48 10 0 73 73 47 69 31 42 52 42 11 10
39 3 10 11 12 51 47 42 43 83 73 0 2 26 6 62 53 46 47 82 82
40 5 10 10 11 51 46 42 43 84 73 2 0 27 5 62 52 45 47 82 83
14 25 17 19 21 32 28 27 29 57 47 26 27 0 23 40 35 34 30 56 56
37 9 6 5 6 46 41 36 37 79 69 6 5 23 0 56 47 39 41 78 79
38 62 52 51 51 11 16 21 22 37 31 62 62 40 56 0 13 24 16 32 36
38 54 43 42 41 5 7 10 10 49 42 53 52 35 47 13 0 11 6 45 48
40 47 37 35 34 14 11 8 5 59 52 46 45 34 39 24 11 0 9 55 58
34 48 38 36 36 5 2 5 6 50 42 47 47 30 41 16 6 9 0 46 49
45 81 72 73 74 41 45 50 52 6 11 82 82 56 78 32 45 55 46 0 4
45 82 73 74 75 44 47 52 54 2 10 82 83 56 79 36 48 58 49 4 0
