10 3
0 40 35 39 34 32 38 35 41 40 35 19 31 10 32 15 38 39 32 45 35
40 0 11 7 51 42 52 43 49 78 73 21 10 32 61 43 52 48 46 83 73
35 11 0 5 40 31 41 32 38 70 66 18 7 29 51 34 41 37 35 75 65
39 7 5 0 45 36 46 36 43 75 70 21 9 32 56 39 46 42 40 80 70
34 51 40 45 0 10 5 11 11 41 38 38 42 39 16 19 5 9 5 44 36
32 42 31 36 10 0 10 3 9 49 45 32 33 35 25 19 10 8 5 52 44
38 52 41 46 5 10 0 10 7 45 42 41 43 43 19 23 0 6 7 48 40
35 43 32 36 11 3 10 0 7 51 48 34 34 38 26 22 10 6 7 54 46
41 49 38 43 11 9 7 7 0 52 49 41 41 45 26 27 7 2 10 55 47
40 78 70 75 41 49 45 51 52 0 5 58 68 50 25 36 45 50 44 5 5
35 73 66 70 38 45 42 48 49 5 0 53 63 45 23 32 42 47 41 10 2
19 21 18 21 38 32 41 34 41 58 53 0 12 11 44 24 41 40 34 63 53
31 10 7 9 42 33 43 34 41 68 63 12 0 23 51 32 43 40 37 73 63
10 32 29 32 39 35 43 38 45 50 45 11 23 0 41 21 43 43 36 55 45
32 61 51 56 16 25 19 26 26 25 23 44 51 41 0 20 19 25 19 28 21
15 43 34 39 19 19 23 22 27 36 32 24 32 21 20 0 23 25 17 41 31
38 52 41 46 5 10 0 10 7 45 42 41 43 43 19 23 0 6 7 48 40
39 48 37 42 9 8 6 6 2 50 47 40 40 43 25 25 6 0 8 53 45
32 46 35 40 5 5 7 7 10 44 41 34 37 36 19 17 7 8 0 47 39
45 83 75 80 44 52 48 54 55 5 10 63 73 55 28 41 48 53 47 0 10
35 73 65 70 36 44 40 46 47 5 2 53 63 45 21 31 40 45 39 10 0
