10 3
0 39 36 40 33 39 32 32 38 35 39 35 20 38 38 31 48 45 35 27 19
39 0 5 2 11 9 47 42 53 43 49 33 21 3 33 10 69 82 12 26 20
36 5 0 5 5 5 41 37 47 38 44 35 19 7 35 5 64 78 7 21 17
40 2 5 0 10 7 46 42 52 43 48 35 22 5 35 10 69 83 11 25 21
33 11 5 10 0 6 36 32 42 33 38 38 18 12 38 4 59 74 3 15 15
39 9 5 7 6 0 40 36 46 36 42 40 23 11 40 9 63 80 5 20 21
32 47 41 46 36 40 0 5 7 7 8 62 38 47 64 37 23 47 35 21 34
32 42 37 42 32 36 5 0 10 3 8 60 36 43 62 33 27 52 31 17 32
38 53 47 52 42 46 7 10 0 10 6 69 45 54 71 43 17 48 41 27 41
35 43 38 43 33 36 7 3 10 0 6 62 38 45 64 34 27 54 32 18 34
39 49 44 48 38 42 8 8 6 6 0 68 44 51 70 40 22 53 37 24 40
35 33 35 35 38 40 62 60 69 62 68 0 24 30 3 34 82 78 41 46 28
20 21 19 22 18 23 38 36 45 38 44 24 0 19 26 14 60 64 21 22 4
38 3 7 5 12 11 47 43 54 45 51 30 19 0 30 10 70 82 14 27 19
38 33 35 35 38 40 64 62 71 64 70 3 26 30 0 34 84 81 41 47 30
31 10 5 10 4 9 37 33 43 34 40 34 14 10 34 0 60 73 7 17 12
48 69 64 69 59 63 23 27 17 27 22 82 60 70 84 60 0 40 58 43 56
45 82 78 83 74 80 47 52 48 54 53 78 64 82 81 73 40 0 75 61 63
35 12 7 11 3 5 35 31 41 32 37 41 21 14 41 7 58 75 0 15 18
27 26 21 25 15 20 21 17 27 18 24 46 22 27 47 17 43 61 15 0 17
19 20 17 21 15 21 34 32 41 34 40 28 4 19 30 12 56 63 18 17 0
