10 3
0 38 39 35 32 41 40 45 40 35 45 38 40 31 39 42 32 25 45 35 52
38 0 3 14 43 51 47 82 77 72 81 0 5 10 51 67 47 50 82 73 84
39 3 0 12 42 50 46 83 78 72 82 3 2 10 49 66 47 52 82 74 86
35 14 12 0 31 38 34 76 70 65 74 14 11 7 37 55 35 54 75 71 86
32 43 42 31 0 9 8 54 49 44 50 43 42 33 8 25 5 58 52 59 81
41 51 50 38 9 0 5 56 52 47 52 51 49 41 2 22 10 67 55 65 89
40 47 46 34 8 5 0 59 55 50 55 47 45 37 5 27 11 66 58 67 89
45 82 83 76 54 56 59 0 5 11 6 82 84 73 55 37 49 54 2 26 51
40 77 78 70 49 52 55 5 0 5 6 77 78 68 50 34 44 51 5 25 50
35 72 72 65 44 47 50 11 5 0 10 72 73 63 45 30 39 47 10 24 50
45 81 82 74 50 52 55 6 6 10 0 81 82 72 50 32 45 57 4 31 56
38 0 3 14 43 51 47 82 77 72 81 0 5 10 51 67 47 50 82 73 84
40 5 2 11 42 49 45 84 78 73 82 5 0 10 48 66 46 54 83 75 87
31 10 10 7 33 41 37 73 68 63 72 10 10 0 40 56 37 47 73 66 80
39 51 49 37 8 2 5 55 50 45 50 51 48 40 0 22 8 65 53 63 87
42 67 66 55 25 22 27 37 34 30 32 67 66 56 22 0 20 65 35 53 79
32 47 47 35 5 10 11 49 44 39 45 47 46 37 8 20 0 57 47 56 79
25 50 52 54 58 67 66 54 51 47 57 50 54 47 65 65 57 0 55 32 34
45 82 82 75 52 55 58 2 5 10 4 82 83 73 53 35 47 55 0 28 52
35 73 74 71 59 65 67 26 25 24 31 73 75 66 63 53 56 32 28 0 26
52 84 86 86 81 89 89 51 50 50 56 84 87 80 87 79 79 34 52 26 0
